30 266 5
111111000000111111001100000000
111110100000111111010100000000
111111000111111111111000000000
111111000111111111111100000000
111110000001111111111100000000
111000001001111111111000000000
111000000001111111111100000000
111000000011111111101000000000
000000000000011111111000000000
000000000101010011010000000000
000000000000001110110000000000
000000000000000000000000000000
010100000000000000000000000000
100100100000000000000000000000
111000100000000000000000000000
101101000000000000000000000000
111111001000000000000000000000
111111110000000000000000000000
111111101001000000000000000000
111111110000000000000000000000
111111111100010000000000000000
111111110000000000000000000000
111111110010000000000000000000
111111111000000000000000000000
111111111000000000000000000000
111111101001000000000000000000
111111101000000000000000000000
111110110000000000000000000000
111100010000000000000000000000
111011000000000000000000000000
110101111111111111111111111111
001101111111111111111111111111
000001111111111111111111111111
000111111111111111111111111111
000100111111111111111111111111
001001011111111111111111111111
001010011111111111111111111111
000001110111111111111111111111
000000010010110101111111111111
000000010100001010111101111100
000000001001010000111111101110
000000000001000001111011000000
000000000000100000010101101001
000000000000000100000000000100
000000000000000000000000000000
000000000000000000000000000000
000000000000000000000000000000
000000000000000000000000000000
000000000000000000000000000000
000000000000000000000000000000
000000000000000000000000000000
000000000000000000000000000000
000000000000000000000000000000
000000000000000000000000000000
000000000000000000000000000000
000000000000000000000000000000
000000000000000000000000000000
000000000000000000000000000000
000000000000000000000000000000
000000000000000000000000000000
